1.798937255876854380e+00 4.339585891877062451e-01
1.245097872803909711e+00 7.817397239587428048e-01
8.424756874572008059e-01 1.171016713246102015e+00
2.435759589569971517e+00 1.929914989614837650e-01
2.626462648231101316e+00 1.439166690885220479e-01
1.882953519873093784e+00 3.941233787620117557e-01
5.940079943299091392e-01 1.511131430262099062e+00
1.401926132788078594e-01 2.642500451163733555e+00
1.099762868344351885e+00 9.049796923613989685e-01
1.697019106684625855e+00 4.862316703220549985e-01
4.897431805498297375e-01 1.690477046578771292e+00
2.844051470867773546e+00 9.832515460765001158e-02
2.276873285411780135e+00 2.411485926687055581e-01
2.345619938910946944e-01 2.297297968968958326e+00
6.717560864868517001e-01 1.393326983427030319e+00
9.932816615147411765e-01 1.006740982650939698e+00
9.117479155901110355e-01 1.092328241157648927e+00
7.859069627008896664e-01 1.239851209724882830e+00
6.373314064215338526e-01 1.444009859388641903e+00
1.131616572436157098e+00 8.765178474970383160e-01
1.034560256158142399e+00 9.660268473570939873e-01
4.348163861635978011e-01 1.797192042437303572e+00
2.135202876698136798e+00 2.902695129060235413e-01
1.922201532473334085e-01 2.438503399618819234e+00
3.982376095396494287e-01 1.873994801758593010e+00
5.450084856828706359e-01 1.592020884807118453e+00
2.851566848554824563e-01 2.149154119855215761e+00
1.437254985170740129e+00 6.418321922637536536e-01
1.591542954565996926e+00 5.452881776987061890e-01
1.520760496844452359e+00 5.879957599538677693e-01
3.193754196505003584e+00 4.532309981811886990e-02
1.168066805679423226e+00 8.449812304368081728e-01
1.297913591092543895e+00 7.408731636351900685e-01
4.735018814196798043e-02 3.176946253022480793e+00
1.366934495369995117e+00 6.902955392477757579e-01
8.773097301180740049e-01 1.130717187301443660e+00
3.464801155897433427e-01 1.991977652342806326e+00
7.454847222494181969e-01 1.291826436316849014e+00
1.999626686844251156e+00 3.433004065181225473e-01
9.916330006495149840e-02 2.839555106601911127e+00
